867052463805694013
867052463911337994
867052462870888490
867052460596789308
867052469417934879
867052458265935952
867052458496884756
867052463018606641
867052457900769290
867052464116334613
867052467781763083
867052467777830922
867052463763881984
867052459205591050
867052458340646923
867052469472067606
867052467246465034
867052458102226954
867052458667802653
867052458751688745
867052464749674516
867052469871312896
867052469388705792
867052459092082698
867052467497598986
867052467992264735
867052460203704341
867052467211993118
867052463911862313
867052463479193631
867052464728440882
867052462146191420
867052459167842314
867052463173140530
867052466860064779
867052462128889916
867052470054944768
867052463533850635
867052468159905892
867052470336618517
867052468722204672
867052469527773234
867052469505884190
867052466910527549
867052460374884382
867052467769049129
867052460101861416
867052463469887498
867052458064347159
867052459540348948
867052462279753748
867052457955033088
867052463479193601
867052470010249216
867052468549320743
867052468143128586
867052469086191636
867052457736273931
867052467195347015
867052467912572978
867052463688515595
867052468150992897
867052468814741545
867052457918070794
867052462581743657
867052463396093992
867052458630709280
867052459922817024
867052463445901352
867052468511703070
867052462104117299
867052459386339370
867052460018106380
867052466360418305
867052467581222972
867052464134029332
867052463898624040
867052462182760489
867052469526462484
867052457695510539
867052462342668299
867052459926093824
867052459784273930
867052467203997706
867052459389354004
867052462602977310
867052469486223391
867052464690692096
867052458042982401
867052469146091520
867052457888186398
867052463369617488
867052458856939590
867052467019841546
867052467447660574
867052464468787241
867052463962325033
867052458761256992
867052469346500608
867052459351998485
867052466650873906
867052458815782922
867052466461868063
867052469665005608
867052467312263188
867052462720417852
867052460102909952
867052468960362507
867052459335876618
867052459621220402
867052462514110464
867052466348228668
867052464008200192
867052464720707644
867052464373366814
867052460610551828
867052467921485874
867052459145953311
867052458474733568
867052462875344946
867052459339022406
867052464955326504
867052468172095518
867052462190755852
867052459980750865
867052469066530827
867052462123515915
867052464230629446
867052462459060245
867052463110488105
867052468645920859
867052466956664852
867052468721680412
867052462607433749
867052464360783892
867052460622741574
867052460726812712
867052461168656404
867052464675094538
867052459129700363
867052460236996609
867052460186402816
867052468612497448
867052463404482560
867052464066920459
867052459092607026
867052460971655209
867052462904311858
867052467228114986
